3
51
95
32
78
57
23
54
11
54
28
29
45
61
82
43
30
57
88
62
59
30
91
61
88
6
24
18
2
41
13
97
2
1
58
19
33
51
30
97
38
67
69
72
59
86
90
38
52
79
22
36
78
31
48
53
91
54
68
42
76
88
59
87
32
64
88
9
1
84
37
14
34
78
61
43
54
16
58
52
27
88
53
59
75
6
10
95
41
38
90
8
22
53
78
2
94
88
29
30
73
69
75
4
22
47
22
1
31
81
99
73
28
11
61
91
50
14
85
42
41
45
5
57
14
48
41
97
15
33
93
6
77
77
52
32
39
18
38
9
68
0
12
24
11
30
29
24
96
95
57
4
64
81
63
31
9
58
33
21
44
50
99
69
8
9
69
93
96
63
37
12
74
90
93
90
63
80
23
87
7
22
39
6
61
12
34
56
36
50
20
70
40
5
92
12
36
44
65
36
38
6
61
7
98
5
78
79
37
24
25
71
76
2
34
79
32
92
27
47
97
77
48
55
12
60
44
54
32
50
16
65
28
83
64
31
98
45
32
38
56
19
48
11
76
44
94
24
15
91
74
89
14
6
60
85
52
96
35
42
84
16
86
91
7
74
7
39
80
72
77
24
24
38
55
61
97
67
68
73
87
66
42
32
45
42
5
16
19
50
17
86
76
89
52
35
35
34
82
31
19
93
64
65
11
47
60
88
41
71
3
13
95
77
24
17
96
32
13
0
85
36
65
58
52
94
21
1
11
89
85
83
22
93
34
24
26
3
85
77
98
17
91
5
84
96
5
25
14
8
15
56
3
91
44
16
12
50
21
24
83
81
15
87
63
26
69
22
80
18
3
62
22
40
12
69
25
15
94
71
34
7
15
48
1
43
78
85
68
38
49
81
76
67
22
67
8
60
76
42
31
80
82
16
75
93
79
16
7
89
94
59
90
88
22
38
50
4
31
78
92
80
15
68
98
99
76
20
75
81
87
97
63
93
58
52
39
27
15
99
21
40
87
73
73
71
27
64
2
1
86
18
84
51
22
96
92
26
50
8
19
56
19
95
13
72
82
45
36
30
52
98
29
43
51
69
46
81
42
87
67
16
93
81
68
40
75
14
51
78
7
17
56
30
42
44
68
67
19
67
20
67
99
84
23
1
0
8
51
2
88
94
82
11
2
63
68
93
76
42
66
7
12
10
13
29
87
67
61
28
81
34
22
93
34
70
0
39
46
40
99
36
35
98
93
84
78
84
1
66
60
67
70
19
94
11
32
9
39
69
44
9
76
74
74
29
20
84
84
70
95
87
74
93
45
87
24
89
60
8
61
86
3
70
34
33
31
73
20
49
80
37
56
60
19
56
83
94
82
81
98
8
49
12
68
61
78
40
51
88
74
0
17
45
77
11
71
21
91
78
21
97
9
57
13
58
71
91
35
97
30
78
18
38
17
39
29
11
80
98
20
35
46
3
93
0
83
89
96
90
88
72
43
62
18
66
8
79
89
74
41
9
22
75
29
72
7
32
77
99
53
4
22
23
5
96
30
94
20
69
38
42
4
34
34
55
43
75
21
51
54
83
17
30
81
3
19
54
39
99
92
86
4
0
51
72
42
41
10
87
85
67
12
3
12
84
34
72
81
58
31
2
5
53
27
57
52
55
59
0
92
1
86
67
10
36
83
22
19
78
30
64
72
66
31
62
84
10
59
38
59
72
7
92
8
37
70
17
69
50
38
49
59
65
19
51
78
48
27
29
10
29
75
1
75
3
3
7
36
96
21
24
82
64
92
45
81
69
16
42
51
73
35
87
4
38
63
65
68
90
50
16
8
59
87
48
73
53
87
34
51
26
88
3
48
15
71
45
94
67
12
9
10
96
23
96
15
78
14
61
12
79
85
9
85
85
8
35
91
57
15
43
62
13
56
2
75
17
11
55
31
57
2
74
55
31
89
10
52
4
96
84
94
58
44
38
61
26
48
46
52
95
0
6
1
36
29
50
82
53
17
37
38
17
66
7
25
17
70
3
62
93
13
1
71
9
70
93
75
78
21
40
20
3
62
95
96
78
63
38
6
20
92
93
17
82
52
14
0
83
49
44
74
55
89
37
6
41
60
60
20
29
73
65
11
76
60
98
54
33
11
54
30
30
5
72
57
8
60
7
25
92
39
61
60
84
16
83
56
86
1
84
76
19
30
22
6
71
11
18
33
65
19
43
6
2
39
31
22
72
99
33
14
18
3
95
40
23
43
95
56
95
97
62
59
21
19
54
83
55
